528 -16 0 
528 64 0 
528 128 0 
464 192 0 
400 192 0 
336 192 0 
272 256 0 
272 320 0 
336 384 0 
400 384 0 
448 384 0 
512 384 0 
544 320 0 
576 256 100 
640 128 100 
672 64 100 
736 64 100 
912 64 100 
944 64 100 
976 96 100 
976 128 100 
944 160 100 
912 160 100 
880 160 100 
848 160 100 
816 192 100 
816 224 100 
848 256 100 
880 256 100 
912 256 100 
944 256 100 
976 288 100 
976 320 100 
976 384 100 
976 416 100 
944 448 100 
912 448 100 
512 448 100 
