1056 -16 0 
528 256 0 
512 256 0 
496 256 0 
464 240 0 
400 208 0 
368 192 0 
368 144 0 
384 112 0 
432 80 0 
496 96 0 
512 80 100 
512 32 100 
512 -48 100 
512 -64 100 
448 -64 100 
416 -64 100 
352 -64 100 
224 48 100 
208 224 100 
256 304 0 
336 336 0 
432 304 0 
512 272 0 
512 240 0 
560 144 0 
608 80 100 
688 112 100 
720 176 100 
704 240 0 
656 256 0 
624 256 0 
560 256 0 
560 304 0 
592 336 0 
688 432 100 
704 448 100 
720 464 100 
736 464 100 
944 464 100 
