432 -16 100 
432 32 100 
432 48 100 
416 48 100 
352 48 100 
336 48 100 
336 64 100 
336 128 100 
336 144 100 
320 144 100 
256 144 100 
240 144 100 
240 160 100 
240 224 100 
240 240 100 
224 240 100 
160 240 100 
144 240 100 
144 256 100 
144 320 100 
144 336 100 
128 336 100 
64 336 100 
48 336 100 
48 352 100 
48 416 100 
48 432 100 
64 432 100 
224 432 100 
240 432 100 
240 416 100 
240 352 100 
240 336 100 
256 336 100 
320 336 100 
336 336 100 
336 320 100 
336 256 100 
336 240 100 
352 240 100 
416 240 100 
432 240 100 
432 224 100 
432 160 100 
432 144 100 
448 144 100 
512 144 100 
528 144 100 
528 128 100 
528 64 100 
528 48 100 
544 48 100 
672 48 100 
688 48 100 
688 64 100 
688 128 100 
688 144 100 
704 144 100 
768 144 100 
784 144 100 
784 160 100 
784 224 100 
784 240 100 
800 240 100 
864 240 100 
880 240 100 
880 256 100 
880 320 100 
880 336 100 
896 336 100 
960 336 100 
976 336 100 
976 352 100 
976 416 100 
976 432 100 
960 432 100 
800 432 100 
784 432 100 
784 416 100 
784 352 100 
784 336 100 
768 336 100 
704 336 100 
688 336 100 
688 320 100 
688 256 100 
688 240 100 
672 240 100 
544 240 100 
528 240 100 
528 256 100 
528 320 100 
528 336 100 
512 336 100 
448 336 100 
432 336 100 
432 352 100 
432 416 100 
432 432 100 
448 432 100 
720 432 100 
