-16 448 100 
384 448 100 
448 448 100 
480 400 100 
448 352 100 
384 352 100 
224 352 100 
64 352 100 
64 192 100 
64 192 100 
64 32 100 
224 32 100 
384 32 100 
448 32 100 
480 80 100 
448 128 100 
384 128 100 
288 128 100 
224 128 100 
192 176 100 
224 224 100 
288 224 100 
736 224 100 
800 224 100 
832 176 100 
800 128 100 
736 128 100 
640 128 100 
576 128 100 
544 80 100 
576 32 100 
640 32 100 
800 32 100 
960 32 100 
960 192 100 
960 352 100 
800 352 100 
640 352 100 
576 352 100 
544 400 100 
576 448 100 
640 448 100 
960 448 100 
