64 128 100 
96 128 100 
128 128 100 
160 160 100 
192 192 100 
224 224 100 
224 256 100 
224 288 100 
192 320 100 
160 352 100 
160 384 100 
160 416 100 
192 448 100 
224 448 100 
256 416 100 
256 384 100 
288 352 100 
320 352 100 
352 352 100 
384 352 100 
416 320 100 
448 320 100 
480 320 100 
512 288 100 
512 256 100 
480 224 100 
448 224 100 
416 192 100 
416 160 100 
416 128 100 
448 96 100 
480 96 100 
512 96 100 
544 128 100 
576 128 100 
608 160 100 
640 160 100 
672 160 100 
704 160 100 
736 128 100 
768 96 100 
800 96 100 
832 96 100 
864 128 100 
896 160 100 
928 192 100 
928 224 100 
928 256 100 
928 288 100 
896 320 100 
864 320 100 
832 320 100 
800 288 100 
768 288 100 
736 288 100 
704 320 100 
672 320 100 
640 352 100 
640 384 100 
640 416 100 
672 448 100 
704 448 100 
736 448 100 
768 416 100 
800 416 100 
832 416 100 
864 448 100 
896 448 100 
928 448 100 
960 448 100 
992 448 100 
1024 448 100 
1056 448 100 
1088 416 100 
1120 384 100 
1120 352 100 
1120 320 100 
1152 288 100 
1184 256 100 
1184 224 100 
1184 192 100 
1216 160 100 
1248 160 100 
1280 160 100 
1312 160 100 
1344 192 100 
1376 224 100 
1408 256 100 
1408 288 100 
1408 320 100 
1376 352 100 
1344 352 100 
1312 352 100 
1280 384 100 
1280 416 100 
1312 448 100 
1344 448 100 
1376 448 100 
1408 448 100 
1440 448 100 
1472 416 100 
1504 416 100 
1536 384 100 
1568 384 100 
1600 352 100 
1632 352 100 
1664 320 100 
1696 320 100 
1728 320 100 
1760 320 100 
1792 288 100 
1792 256 100 
1792 224 100 
1824 192 100 
1856 192 100 
1888 192 100 
1920 224 100 
1952 256 100 
1952 288 100 
1952 320 100 
1920 352 100 
1920 384 100 
1952 416 100 
1984 416 100 
2016 416 100 
2048 416 100 
2080 384 100 
2112 352 100 
2144 352 100 
2176 352 100 
2208 352 100 
2240 352 100 
2272 320 100 
2272 288 100 
2240 256 100 
2208 256 100 
2176 224 100 
2176 192 100 
2208 160 100 
2240 128 100 
2272 128 100 
2304 128 100 
2336 128 100 
2368 128 100 
2400 128 100 
2432 160 100 
2464 160 100 
2496 160 100 
2528 160 100 
2560 192 100 
2592 192 100 
2624 192 100 
2656 192 100 
2688 192 100 
2720 192 100 
2752 192 100 
2784 192 100 
2816 192 100 
2848 192 100 
2880 224 100 
2912 256 100 
2944 256 100 
2976 288 100 
2976 320 100 
2976 352 100 
2976 384 100 
2944 416 100 
2912 448 100 
2880 448 100 
2848 448 100 
2816 448 100 
2784 448 100 
2752 448 100 
2720 416 100 
2688 384 100 
2688 352 100 
2688 320 100 
2688 288 100 
2688 256 100 
