1040 48 100 
688 48 100 
672 48 100 
672 64 100 
672 80 100 
672 96 100 
688 96 100 
960 96 100 
976 96 100 
976 112 100 
976 128 100 
976 144 100 
960 144 100 
624 144 100 
608 144 100 
608 160 100 
608 176 100 
608 192 100 
624 192 100 
960 192 100 
976 192 100 
976 208 100 
976 224 100 
976 240 100 
960 240 100 
560 240 100 
544 240 100 
544 256 100 
544 272 100 
544 288 100 
560 288 100 
960 288 100 
976 288 100 
976 304 100 
976 320 100 
976 336 100 
960 336 100 
496 336 100 
480 336 100 
480 352 100 
480 368 100 
480 384 100 
496 384 100 
960 384 100 
