-16 352 100 
864 352 100 
880 352 100 
896 352 100 
896 336 100 
896 304 100 
896 288 100 
880 288 100 
864 288 100 
96 288 100 
80 288 100 
64 288 100 
64 272 100 
64 256 100 
64 128 100 
64 112 100 
64 96 100 
80 96 100 
96 96 100 
928 96 100 
944 96 100 
960 96 100 
960 112 100 
960 144 100 
960 160 100 
944 160 100 
928 160 100 
160 160 100 
144 160 100 
128 160 100 
128 176 100 
128 208 100 
128 224 100 
144 224 100 
160 224 100 
928 224 100 
944 224 100 
960 224 100 
960 240 100 
960 256 100 
960 400 100 
960 416 100 
960 432 100 
944 432 100 
928 432 100 
64 432 100 
