-16 176 100 
272 64 100 
544 32 100 
768 64 100 
928 128 100 
960 160 100 
960 192 100 
912 208 100 
752 128 100 
544 96 100 
304 128 100 
128 192 100 
96 224 100 
96 256 100 
144 272 100 
320 192 100 
544 160 100 
736 192 100 
864 256 100 
896 288 100 
896 320 100 
848 336 100 
720 256 100 
544 224 100 
336 256 100 
192 320 100 
160 352 100 
160 384 100 
208 400 100 
352 320 100 
544 288 100 
704 320 100 
800 384 100 
832 416 100 
832 448 100 
784 464 100 
688 384 100 
544 352 100 
384 384 100 
304 432 100 
