-16 432 100 
64 432 100 
96 432 100 
112 400 100 
208 96 100 
224 64 100 
256 64 100 
800 64 100 
832 64 100 
848 96 100 
960 320 100 
928 352 0 
880 352 0 
656 352 0 
608 352 0 
560 400 0 
512 448 0 
464 448 0 
304 448 0 
256 448 0 
256 400 100 
256 208 100 
256 160 100 
304 160 100 
720 160 100 
752 160 100 
768 176 100 
800 208 100 
768 240 100 
752 256 100 
720 256 100 
400 256 100 
352 256 100 
352 304 100 
352 352 100 
400 352 100 
464 352 100 
512 352 100 
560 400 100 
608 448 100 
656 448 100 
880 448 100 
