-16 48 100 
160 48 100 
224 48 100 
288 112 100 
352 112 100 
416 112 100 
480 112 100 
544 176 100 
608 176 100 
672 176 100 
736 176 100 
800 240 100 
864 240 100 
1024 240 100 
1088 240 100 
1088 112 100 
1024 112 100 
864 112 100 
800 112 100 
736 48 100 
672 48 100 
352 48 0 
288 48 0 
224 112 0 
160 112 0 
0 112 0 
-64 112 100 
-64 304 100 
0 304 100 
160 304 100 
224 304 100 
288 368 100 
352 368 100 
416 368 0 
480 368 0 
544 304 0 
608 304 0 
672 304 100 
736 304 100 
800 368 100 
864 368 100 
1024 368 100 
1088 368 100 
1088 432 100 
1024 432 100 
864 432 100 
512 432 100 
