1040 304 0 
864 304 0 
800 304 0 
736 368 0 
672 368 0 
608 368 100 
544 368 100 
480 304 100 
416 304 100 
352 304 0 
288 304 0 
224 368 0 
160 368 0 
0 368 0 
-64 368 100 
-64 176 100 
0 176 100 
160 176 100 
224 176 100 
288 240 100 
352 240 100 
672 240 0 
736 240 0 
800 176 0 
864 176 0 
1024 176 0 
1088 176 0 
1088 48 0 
1024 48 0 
864 48 0 
800 48 0 
736 112 0 
672 112 0 
608 112 0 
544 112 0 
480 176 0 
416 176 0 
352 176 0 
288 176 0 
224 240 0 
160 240 0 
0 240 0 
-64 240 100 
-64 432 100 
0 432 100 
512 432 100 
